<?xml version="1.0"?>
<opencv_storage>
<calibration_Time>"Tue Sep 30 11:35:55 2014"</calibration_Time>
<nrOfFrames>50</nrOfFrames>
<image_Width>640</image_Width>
<image_Height>480</image_Height>
<board_Width>8</board_Width>
<board_Height>6</board_Height>
<square_Size>50.</square_Size>
<FixAspectRatio>1.</FixAspectRatio>
<!-- flags:  +fix_aspectRatio +fix_principal_point +zero_tangent_dist -->
<flagValue>14</flagValue>
<Camera_Matrix type_id="opencv-matrix">
  <rows>3</rows>
  <cols>3</cols>
  <dt>d</dt>
  <data>
    8.3802705811695080e+02 0. 3.1950000000000000e+02 0.
    8.3802705811695080e+02 2.3950000000000000e+02 0. 0. 1.</data></Camera_Matrix>
<Distortion_Coefficients type_id="opencv-matrix">
  <rows>5</rows>
  <cols>1</cols>
  <dt>d</dt>
  <data>
    2.6975697303093010e-01 -1.8739692953055100e+00 0. 0.
    4.4549183941963646e+00</data></Distortion_Coefficients>
<Avg_Reprojection_Error>4.3338316033532076e-01</Avg_Reprojection_Error>
<Per_View_Reprojection_Errors type_id="opencv-matrix">
  <rows>50</rows>
  <cols>1</cols>
  <dt>f</dt>
  <data>
    2.99011648e-01 3.64487410e-01 2.60546386e-01 2.94444144e-01
    4.88729239e-01 3.42636108e-01 3.09569687e-01 3.49525392e-01
    2.97910780e-01 2.56607950e-01 2.83256352e-01 2.55065382e-01
    3.08077186e-01 2.41116226e-01 2.40380913e-01 2.26763368e-01
    2.27143496e-01 2.92297840e-01 2.20107436e-01 2.96197265e-01
    2.21880749e-01 2.10269034e-01 2.74439871e-01 3.77461612e-01
    3.24187666e-01 2.21514210e-01 4.81007665e-01 5.00474930e-01
    2.31076971e-01 3.64308923e-01 2.10167795e-01 2.31766075e-01
    3.25977951e-01 4.03245568e-01 5.20988584e-01 3.11028808e-01
    2.92551070e-01 5.43040574e-01 4.52907294e-01 1.94263434e+00
    3.98970187e-01 4.84959900e-01 3.25271994e-01 3.32329482e-01
    3.29430968e-01 3.59230846e-01 2.73800671e-01 4.67446625e-01
    3.98045808e-01 2.77090818e-01</data></Per_View_Reprojection_Errors>
<!-- a set of 6-tuples (rotation vector + translation vector) for each view -->
<Extrinsic_Parameters type_id="opencv-matrix">
  <rows>50</rows>
  <cols>6</cols>
  <dt>d</dt>
  <data>
    1.5919298275911495e-01 7.6630152322838332e-02 3.5658992896611376e-02
    -2.1244896083967430e+02 -1.8666482060287751e+02
    1.9224225125331773e+03 1.8367497295027913e-01 1.0259875872119267e-01
    4.7122510016016854e-02 -1.9747039503339025e+02
    -1.8367592567662064e+02 1.9427319002112413e+03
    -2.9286247135969955e-02 3.8489307809588799e-02
    4.3166757185215572e-02 -2.2638561345046247e+02
    -2.0655039192721117e+02 1.9773784890401137e+03
    6.4652339534513575e-02 1.1255264929388507e-01 5.0720166195506088e-02
    -3.3066785171106051e+02 -2.1051147671260122e+02
    1.9820963446787189e+03 8.4637279175694316e-02 1.5084179076382476e-01
    4.9255609518858164e-02 -4.1116272793878341e+02
    -2.1802005973081754e+02 2.0018131084236181e+03
    1.0875940799178897e-01 1.8668653624778389e-01 5.4315372944190955e-02
    -4.7354775284476204e+02 -2.2696787422801401e+02
    2.0212286234820360e+03 1.3000723934578104e-01 2.1553839395704869e-01
    7.3649794866431584e-02 -5.2124884521201477e+02
    -2.3835300142303848e+02 2.0429501953919478e+03
    1.4724942660383425e-01 2.4114645250002567e-01 6.0221369928596856e-02
    -5.6050559033758395e+02 -2.6009342925268453e+02
    2.0690175898443049e+03 3.1187838563173753e-02 2.7588458884954054e-01
    8.3969423842120708e-02 -6.0220600061691960e+02
    -4.7634993600716041e+02 2.1232384026127042e+03
    1.0580818655171468e-02 -7.3879227131997016e-02
    7.7394995238617384e-02 -5.9089488617975030e+02
    -5.1335815733354946e+02 2.0401610480486333e+03
    -1.8443576466659013e-02 -1.2738342726303609e-01
    8.0981888676089367e-02 -5.6125796115216713e+02
    -5.4508449597888841e+02 2.0076034182398921e+03
    3.6182403373440419e-02 -1.1928812077444338e-01
    -2.6920488646637947e-02 -5.4084780438146004e+02
    -4.7986326036511099e+02 2.0046697890122205e+03
    -1.4920304801550049e-02 -8.7615516845704705e-02
    -1.3968182718100042e-02 -2.8900868849877799e+02
    -3.9881850568574021e+02 1.9704605317806274e+03
    1.7650773871036165e-02 -7.6519954383313493e-02
    2.5472253365923098e-02 -1.6457523522628847e+02
    -4.5634276030013757e+02 1.9998222484410508e+03
    1.1265390319816158e-01 6.1559267885803091e-02 3.5572672057025204e-02
    -3.6823614706373604e+02 -4.8241290956534920e+02
    2.1010756956848813e+03 6.6867837260766269e-02 1.2884801847378705e-01
    9.1683583844292434e-03 4.9566360804752122e+01
    -4.5510903789600491e+02 2.0165422279557599e+03
    9.8588873697152579e-02 1.7592401599730700e-01 1.8479223196312362e-02
    5.1559132131156773e+01 -4.4877278901803010e+02
    2.0182387550906235e+03 -1.8310020961297906e-02
    2.4911463939953565e-01 1.7088667086411616e-02 2.3001934339941249e+02
    -4.5675200282376665e+02 1.9973701797174876e+03
    -2.6960814341057061e-02 2.5135290112252279e-01
    2.3055863633481895e-02 2.7334852458757535e+02
    -4.5678932443387151e+02 1.9936558273077185e+03
    1.1684367223728556e-02 1.5479056996295884e-01 2.1218703287057442e-02
    2.3212518710510832e+02 -2.3214792866625035e+02
    1.9773166606561467e+03 2.7701969949894038e-02 2.8271189099339511e-01
    1.6609679694236452e-02 2.7953580245903470e+02
    -2.2791659185888642e+02 1.9761864889893980e+03
    1.1019521140239770e-02 3.2207186184370301e-01 3.2030997377783650e-02
    2.7174680988787236e+02 -2.1316924876506175e+02
    1.9589009698568386e+03 2.4583115011215323e-02 3.2638564847032453e-01
    3.6500602454769597e-02 2.6306632308101820e+02
    -1.9202550626075003e+02 1.9519779959911280e+03
    -2.0002109061962436e-03 3.5760790815274979e-01
    4.2359968830607803e-02 2.5620816543930232e+02
    -1.6011120094454856e+02 1.9414892093103731e+03
    1.0491025327497870e-02 1.9945270275768270e-01 6.9899180293377480e-02
    1.9040467617252827e+02 -5.3964639844207404e+01
    1.9446554231775804e+03 1.2016909929304419e-02 9.9531147264008080e-02
    5.9033177453973774e-02 1.6471312816164982e+02
    -7.0483448789679770e+01 1.9302050523508699e+03
    4.2984050925292200e-02 6.6373562424250285e-02 3.9350482382524921e-02
    9.1784946428693672e+01 1.0481684930818180e+02 1.9450283855320235e+03
    2.8647485174667885e-02 1.0294539447721403e-01 1.3001271714330267e-03
    1.5773298920387401e+02 9.5559543799896701e+01 1.9753221495599250e+03
    4.0690232496627635e-02 7.3190699640340043e-02 2.8867938471182891e-03
    2.0163781148347104e+02 1.0484211424856629e+02 1.9645114250982836e+03
    -1.1729960602118512e-02 3.9335304217692872e-02
    1.6160633301558671e-02 2.1002742628627604e+02 1.4323108951209130e+02
    1.9437527688953653e+03 1.6102818125647015e-02 5.5866799622557459e-02
    1.7370777580910685e-02 2.1983440156320700e+02 2.0521817664841458e+02
    1.9452590114990028e+03 1.6283187700601120e-02 7.0491037474281468e-02
    -1.9292580005482993e-02 2.2627855016390120e+02
    2.0469637044508909e+02 1.9425360862596310e+03 9.1866795793935085e-02
    1.8414898435529431e-01 9.9564377768323210e-03
    -3.2566575787150333e+02 1.9091159189696671e+02
    1.9946265503926841e+03 9.1779516358398219e-03 2.1486846041655502e-01
    3.7232270137701525e-03 -3.9590155104383348e+02
    1.9350002290903819e+02 2.0327535660848578e+03
    -3.5438391909705873e-02 2.1620413157226123e-01
    -8.0833401869866216e-04 -4.6043820562789642e+02
    1.8691577555673922e+02 2.0603406165984466e+03
    -1.9610840364967397e-02 2.8301283658106585e-01
    1.6720766071012787e-02 -5.2507029630745592e+02
    1.8123288967022549e+02 2.0922040369018696e+03
    -9.4095377067588380e-03 2.1761298739354873e-01
    -9.4719275473893940e-03 -5.5789103877697801e+02
    1.8953181755060581e+02 2.0897645383344602e+03 1.1565855196573990e-02
    -3.4051322623330896e-02 -1.2938300079177350e-02
    -5.9943866255987314e+02 1.9818680214139434e+02
    2.0277441264269146e+03 7.8902790569715692e-02
    -6.0016424642254596e-02 2.2961864996733933e-03
    -6.5661532483029464e+02 1.7151021820842772e+02
    1.9997010193215640e+03 1.6158978995693291e-01 1.8094079774113068e-02
